	00083	10001	10002	10003	10004	10005	10006	10007	10009	10010	10011	10012	10013	10014	10016	10017	10018	10019	10020	10021	10022	10023	10024	10025	10026	10027	10028	10029	10030	10031	10032	10033	10034	10035	10036	10037	10038	10039	10040	10041	10043	10044	10045	10047	10048	10055	10065	10069	10075	10080	10081	10096	10097	10103	10104	10105	10106	10107	10110	10111	10112	10115	10118	10119	10120	10121	10122	10123	10128	10151	10152	10153	10154	10155	10158	10162	10165	10166	10167	10168	10169	10170	10171	10172	10173	10174	10175	10176	10177	10178	10196	10203	10259	10260	10265	10270	10271	10275	10278	10279	10280	10281	10282	10285	10286	10301	10302	10303	10304	10305	10306	10307	10308	10309	10310	10312	10314	10451	10452	10453	10454	10455	10456	10457	10458	10459	10460	10461	10462	10463	10464	10465	10466	10467	10468	10469	10470	10471	10472	10473	10474	10475	11001	11004	11005	11040	11096	11101	11102	11103	11104	11105	11106	11109	11201	11203	11204	11205	11206	11207	11208	11209	11210	11211	11212	11213	11214	11215	11216	11217	11218	11219	11220	11221	11222	11223	11224	11225	11226	11228	11229	11230	11231	11232	11233	11234	11235	11236	11237	11238	11239	11251	11354	11355	11356	11357	11358	11359	11360	11361	11362	11363	11364	11365	11366	11367	11368	11369	11370	11371	11372	11373	11374	11375	11377	11378	11379	11385	11411	11412	11413	11414	11415	11416	11417	11418	11419	11420	11421	11422	11423	11426	11427	11428	11429	11430	11432	11433	11434	11435	11436	11451	11691	11692	11693	11694	11697	z1
0	5923	11527	5179	8092	4037	1778	1204	7621	3076	5669	9412	7404	6457	7329	4354	5773	7610	12235	5907	2432	7034	6609	4845	2355	1198	2353	2640	1535	463	875	856	647	152	1609	13123	269	1943	230	190	65	3	551	20	1	3653	14	3581	353	1201	51	24	47	315	89	25	42	20	10	33	447	13	10	2368	248	63	197	24	16	2365	20	112	684	31	35	4	5	24	124	65	14	234	41	21	52	16	315	21	21	24	16	43	19	15	42	38	9	19	64	76	42	688	842	588	68	22	128	17	17	21	78	31	6	12	18	23	20	89	527	1644	214	232	198	208	275	220	177	477	230	485	85	138	268	28	86	70	31	12	69	199	108	109	53	1	3	5	2	0	2361	755	828	330	682	961	50	4722	192	167	740	1492	348	167	425	220	4496	143	265	184	1912	664	2467	263	202	321	953	1462	196	1368	402	1592	170	178	224	1082	498	379	243	373	116	1111	1967	56	166	464	297	121	105	162	17	76	166	27	19	108	180	81	364	1344	230	241	2325	450	764	228	686	894	270	154	498	8	57	45	119	173	81	112	177	77	170	132	15	102	17	29	15	24	4352	383	195	137	608	119	6	64	59	189	117	10	00083
1	11527	14991	9647	14477	5099	2600	1870	10563	5498	10197	16422	12449	10926	12211	8943	9043	14436	17960	7183	2986	10088	8669	5684	2826	1732	3589	2998	1953	753	1384	1378	1076	255	2428	20140	478	3043	424	279	108	12	691	29	5	4394	25	4642	422	1332	80	36	95	430	133	53	69	33	18	56	586	17	14	6754	1114	281	1318	90	64	2559	26	148	799	50	45	9	3	40	189	114	25	427	68	37	76	41	392	30	34	36	33	77	40	21	83	68	15	29	107	110	86	1023	1242	996	121	41	175	33	27	49	164	64	23	29	50	43	35	149	1097	3096	424	427	426	467	556	366	377	799	492	872	160	295	550	46	138	136	60	28	91	379	225	156	111	1	5	7	8	0	4514	1221	1520	745	1177	1730	67	7173	436	307	1517	2998	847	428	947	495	8443	353	563	460	3458	1479	5391	530	375	715	1924	2921	456	1811	787	2593	316	399	446	2104	998	881	578	703	347	2077	3353	189	331	1013	575	246	276	394	26	226	454	57	40	277	448	203	719	2591	430	419	4208	820	1558	602	1493	1927	614	323	1080	14	165	188	338	474	175	273	507	207	449	251	31	286	22	72	35	60	7625	807	616	406	1413	225	14	150	106	325	216	14	10001
2	5179	9647	6248	10217	2366	1441	1026	5583	5290	6155	9586	9024	7843	8009	4967	4354	6421	9054	2782	1900	4979	4647	2853	1516	1068	2037	1744	1206	456	803	697	539	133	1706	8254	275	2077	233	179	82	3	400	23	5	1855	12	2688	224	830	44	29	50	200	66	28	28	19	13	24	247	11	9	1026	221	32	214	27	17	1581	14	107	291	34	25	7	4	26	113	51	11	222	46	12	34	23	192	21	23	26	15	44	16	15	48	44	15	18	71	77	51	591	829	658	71	31	78	17	17	29	96	29	10	16	28	31	17	77	567	1489	206	255	217	256	287	201	190	402	268	429	98	190	265	25	64	63	30	14	64	196	130	103	51	0	5	4	5	0	2597	726	889	326	716	1108	40	4999	312	216	1338	3080	702	323	580	339	7565	246	478	279	3013	1391	3750	450	280	537	1964	2852	309	1222	700	1843	211	276	351	1872	783	746	382	451	217	1872	2896	121	295	624	343	171	147	223	18	99	243	32	22	140	247	108	378	1349	225	235	2316	455	833	287	825	968	434	203	811	8	87	93	189	200	115	169	235	118	244	176	14	135	17	40	10	31	3964	382	260	200	644	117	5	94	79	277	168	10	10002
3	8092	14477	10217	11302	3197	2004	1441	8041	6932	9502	14832	12494	10031	11099	7423	6658	9677	13495	4232	2696	7447	6976	4178	2317	1455	2923	2660	1732	627	1176	1013	788	186	2194	12947	388	2693	349	214	93	5	578	24	7	2637	14	3854	328	1240	69	39	79	347	102	46	54	25	15	39	380	14	17	1560	341	46	336	38	28	2282	14	117	445	43	36	9	6	27	163	93	19	345	57	21	67	36	288	28	30	29	23	55	37	29	73	58	14	24	85	103	68	830	1116	943	109	37	121	25	21	39	125	51	14	27	42	39	36	124	843	2182	302	359	346	349	387	284	289	605	393	655	127	238	383	35	71	94	42	21	79	294	161	140	83	1	4	6	9	0	3742	1042	1305	535	1065	1549	60	6301	364	284	1579	3368	787	356	761	447	9093	294	551	372	3617	1553	4763	559	336	663	2056	3255	398	1630	805	2363	274	347	425	2250	967	806	473	597	285	2231	3490	151	291	845	459	212	200	295	21	138	332	40	31	198	353	150	534	1893	316	336	3396	664	1209	418	1165	1472	521	247	991	7	95	115	245	300	117	213	337	146	345	201	17	189	19	61	17	31	5720	589	365	253	943	134	5	106	98	302	184	9	10003
4	4037	5099	2366	3197	1950	1728	1199	3152	1378	2336	3644	3037	3011	2819	1904	2701	3117	4515	2567	768	2741	2055	1752	754	415	872	932	523	177	286	328	243	47	596	5695	119	1422	96	68	260	6	238	21	1	2308	4	1228	123	365	44	25	27	118	29	12	25	6	5	11	196	6	5	1390	117	24	113	14	9	716	4	42	315	14	12	2	0	12	58	36	6	123	20	9	30	9	162	9	9	11	10	28	45	20	56	52	15	23	229	54	37	656	526	411	41	36	102	22	16	31	107	29	12	11	27	32	18	78	233	766	89	117	102	98	105	96	88	214	116	228	42	62	106	16	30	36	14	11	26	89	53	65	25	1	2	0	2	0	1035	268	322	131	278	377	13	2423	127	105	359	703	205	121	320	154	1944	100	171	141	993	357	1215	178	111	255	455	716	134	620	217	696	99	113	137	641	321	204	161	210	91	459	920	60	81	227	129	65	52	84	11	38	87	19	11	53	79	44	174	593	122	93	1052	203	368	110	302	400	135	67	237	5	30	26	72	91	35	61	82	45	105	48	5	57	8	18	7	11	1986	162	99	82	288	49	1	37	21	83	61	8	10004
5	1778	2600	1441	2004	1728	1118	906	1934	822	1425	2160	1897	1841	1735	1189	1522	1768	2394	1094	504	1595	1227	864	438	292	585	512	328	130	189	192	171	42	372	2522	78	1217	69	43	67	25	124	30	0	1107	6	745	84	257	40	65	12	46	18	7	11	3	5	9	108	4	2	516	76	14	71	6	7	423	0	34	139	14	19	1	1	5	56	23	4	67	18	10	22	8	109	6	5	8	6	14	94	59	190	140	36	65	47	41	23	337	347	289	37	78	43	14	7	15	45	21	7	9	18	18	13	39	176	445	68	75	74	66	71	66	54	119	75	133	29	57	63	13	24	19	15	7	21	43	37	46	18	0	2	1	1	0	599	160	197	91	174	215	6	1366	77	69	240	450	142	84	169	103	1128	73	114	78	594	253	807	106	62	139	303	407	83	303	146	449	55	64	92	363	186	148	115	139	67	302	550	34	64	156	100	42	37	53	4	31	58	7	8	39	49	28	114	333	70	71	589	114	222	86	196	238	91	43	151	2	25	11	49	53	40	49	67	36	59	45	3	34	6	14	3	9	1127	104	76	58	192	30	1	26	16	49	38	4	10005
6	1204	1870	1026	1441	1199	906	746	1396	576	986	1490	1301	1317	1192	909	1101	1342	1691	790	352	1122	846	629	314	166	369	342	226	79	137	127	125	29	236	1926	51	858	50	36	31	4	83	15	1	999	3	485	43	176	57	26	16	42	13	5	7	4	3	5	77	5	4	372	56	10	56	4	3	299	1	24	118	10	9	1	0	6	36	11	3	70	11	5	14	4	69	3	7	7	5	10	32	24	35	23	12	25	57	40	26	373	330	232	29	25	27	12	8	13	46	15	4	12	15	9	10	22	151	312	61	48	53	46	63	38	50	90	60	95	18	39	51	11	20	20	11	8	14	46	29	34	15	0	2	2	1	0	436	120	151	73	118	155	8	972	53	46	176	305	115	61	163	80	817	50	90	75	442	188	581	72	55	127	235	317	51	217	103	292	60	46	68	273	149	99	80	103	54	229	382	28	40	122	69	27	30	44	3	19	56	10	5	37	45	20	92	251	53	57	432	85	159	75	149	198	80	38	134	3	11	14	43	54	28	31	47	29	46	24	6	38	5	8	4	8	833	79	55	35	139	33	3	22	13	49	26	2	10006
7	7621	10563	5583	8041	3152	1934	1396	7589	3201	5310	8774	7585	7320	7221	4175	4797	6741	9604	4351	1826	5644	5077	3102	1726	1145	2210	1691	1235	561	899	908	765	282	1468	10715	311	2464	259	257	82	1	493	32	1	3046	12	2723	296	821	79	31	54	200	67	23	28	15	13	29	400	9	8	1525	229	50	202	25	16	1425	10	97	339	33	33	3	0	25	109	56	14	190	31	14	41	15	269	16	18	16	15	36	21	27	69	53	11	22	74	266	140	766	977	800	107	33	199	30	29	59	121	58	20	24	52	48	36	169	653	1576	360	286	328	356	395	303	267	536	359	816	154	223	324	58	202	169	81	27	97	283	163	126	95	3	6	6	6	0	2472	787	805	362	660	877	70	4649	338	208	947	1815	639	316	595	368	4845	276	410	277	2086	1047	2929	340	268	464	1367	1630	296	1096	514	2394	207	286	294	1226	652	708	376	462	245	1441	2003	122	204	558	358	155	137	193	20	92	252	42	28	137	224	125	403	1280	269	275	2151	511	874	306	785	1033	351	194	660	21	108	104	210	253	133	187	258	129	253	187	39	158	25	48	23	47	3990	476	288	238	697	134	6	131	80	216	152	14	10007
8	3076	5498	5290	6932	1378	822	576	3201	3309	3846	5696	5179	4269	4792	3132	2563	3737	5038	1467	1195	2819	2677	1718	926	611	1146	1126	746	263	476	444	355	87	1025	4672	153	1188	143	105	50	3	250	13	2	1014	6	1641	127	530	23	13	35	107	36	14	20	12	5	18	148	5	2	574	144	17	132	20	10	997	6	56	151	16	22	3	1	10	59	34	6	140	27	5	16	17	109	10	17	16	7	24	10	11	28	24	8	15	37	36	22	343	496	433	42	18	48	8	8	20	48	18	9	6	15	19	16	40	363	943	128	144	138	154	158	113	117	237	163	268	57	117	164	15	32	43	27	8	36	115	76	67	36	0	2	2	4	0	1604	462	564	201	471	683	29	2684	157	94	757	1737	356	166	301	177	4409	122	235	133	1684	761	2063	262	135	275	1050	1731	152	683	375	961	105	126	175	1123	439	373	174	226	117	1160	1611	54	141	357	189	90	83	136	6	63	154	15	17	87	138	73	214	798	133	145	1388	287	496	175	461	626	249	118	461	3	55	51	100	117	56	87	143	53	142	99	10	76	10	25	10	15	2257	236	150	98	379	59	3	62	51	168	96	6	10009
9	5669	10197	6155	9502	2336	1425	986	5310	3846	5167	9728	7461	6427	7240	5736	4835	6730	8876	3074	1956	5370	4695	2955	1521	995	1850	1878	1189	388	746	658	484	125	1430	8455	246	1816	220	144	80	4	413	12	10	2024	16	2831	250	905	52	26	58	195	79	29	48	21	9	33	296	13	10	1343	248	33	266	31	15	1607	8	106	370	37	24	7	5	28	121	71	10	240	43	17	51	28	243	19	15	24	14	35	30	19	41	40	8	17	70	74	56	625	827	629	68	33	79	19	17	25	93	40	9	17	27	20	21	86	532	1415	189	234	211	229	254	206	179	361	271	407	86	151	266	31	68	65	35	15	54	197	122	103	60	0	4	2	3	0	2465	702	841	370	682	989	49	4029	243	162	889	1834	440	212	468	273	5189	163	327	221	2135	894	2945	342	214	404	1071	1901	244	1015	473	1352	157	210	255	1405	553	487	283	365	173	1231	2119	100	206	532	286	126	118	194	10	92	215	21	24	112	222	96	359	1234	198	234	2179	417	781	274	758	966	345	168	563	8	78	75	155	210	78	126	210	84	212	131	20	118	15	32	13	24	3812	373	247	183	657	104	7	75	57	195	110	9	10010
10	9412	16422	9586	14832	3644	2160	1490	8774	5696	9728	11414	12612	10694	13689	7290	7003	10834	14853	5024	2813	8157	7736	4743	2513	1578	3112	2644	1710	677	1258	1156	862	196	2220	14371	400	2749	344	256	102	9	617	20	8	3185	16	4230	376	1286	69	33	81	338	116	38	59	23	18	42	395	19	13	1891	372	50	346	44	23	2418	25	141	502	38	36	8	5	34	170	77	18	331	62	27	54	38	316	27	29	29	26	52	25	23	69	56	15	19	109	94	65	908	1204	966	100	40	117	20	26	39	118	50	18	22	41	35	32	106	810	2200	286	314	316	350	387	284	289	578	359	615	132	236	359	32	77	90	35	21	94	248	141	138	71	1	3	5	8	0	3646	1023	1216	541	1008	1465	65	6640	357	257	1494	3101	739	367	735	411	8617	287	509	322	3537	1511	4679	515	311	587	1956	2989	378	1627	753	2219	266	288	376	2176	923	825	440	555	258	2100	3494	146	315	771	397	185	180	262	28	136	301	38	27	162	313	112	516	1814	304	325	3441	635	1140	388	1092	1389	504	243	924	8	101	127	249	311	123	208	329	138	309	211	23	185	27	56	27	37	5979	517	366	258	962	145	7	109	94	323	186	14	10011
11	7404	12449	9024	12494	3037	1897	1301	7585	5179	7461	12612	7998	10126	10550	5970	5702	8325	11753	3921	2390	6673	5988	3652	1950	1234	2469	2227	1327	525	952	862	645	142	1842	11117	302	2383	262	187	85	8	482	23	4	2631	11	3486	281	1086	62	35	68	253	86	36	37	22	10	30	333	15	10	1567	276	33	270	36	18	1920	23	111	445	33	35	3	6	32	131	69	13	278	55	18	39	28	245	22	21	25	17	54	23	20	61	60	11	21	88	101	70	785	1039	824	94	32	87	19	19	29	103	32	11	17	29	25	18	98	619	1684	220	250	256	258	292	226	219	429	289	531	92	185	306	29	69	66	35	20	65	214	125	120	66	1	4	3	9	0	2968	830	1017	390	796	1190	49	5663	299	214	1331	2712	627	321	642	344	7479	227	462	324	2997	1301	3923	455	276	508	1691	2663	320	1332	642	2001	224	266	332	1883	802	713	383	470	210	1740	2972	118	285	646	372	159	152	224	14	121	255	37	27	163	262	114	438	1426	252	276	2885	505	942	321	921	1118	422	186	719	6	78	90	194	238	99	164	240	117	267	170	16	140	14	42	12	28	5107	470	281	225	788	134	5	103	80	269	159	10	10012
12	6457	10926	7843	10031	3011	1841	1317	7320	4269	6427	10694	10126	8855	9060	5135	5152	7393	10275	3514	2117	5969	5357	3317	1735	1145	2285	1952	1262	522	874	777	591	155	1620	9932	291	2425	305	191	82	7	405	20	5	2657	15	3063	283	904	75	28	59	206	77	27	43	22	13	33	311	16	12	1361	272	33	249	34	16	1717	22	111	428	36	28	6	2	30	121	70	18	246	36	18	40	27	230	15	20	24	16	41	19	22	60	56	11	25	91	117	66	792	1066	871	86	37	99	21	15	31	116	38	9	16	30	22	17	93	613	1541	220	262	259	265	307	220	216	472	268	517	85	173	295	26	72	76	36	17	64	213	119	113	56	0	4	6	5	0	2617	664	838	367	664	1057	41	5151	291	225	1196	2417	623	275	630	340	6382	232	430	326	2645	1148	3518	393	268	538	1544	2351	308	1231	625	1800	208	253	299	1708	718	616	367	438	209	1571	2640	112	279	692	346	164	150	228	13	110	259	34	27	146	243	96	395	1346	258	257	2487	477	899	298	825	1067	412	184	678	8	89	88	197	220	112	173	265	117	257	162	18	156	15	33	20	34	4473	428	274	207	711	111	4	100	78	240	145	12	10013
13	7329	12211	8009	11099	2819	1735	1192	7221	4792	7240	13689	10550	9060	7671	5761	5405	8153	11656	3787	2392	6430	6183	3691	1961	1270	2416	2120	1314	544	986	879	654	169	1838	11039	315	2186	266	218	81	3	467	21	5	2476	10	3366	314	1048	57	29	74	272	77	29	45	19	13	34	319	9	14	1388	286	44	255	37	17	1895	20	125	393	37	31	9	3	26	120	61	11	275	44	17	46	18	242	21	18	24	20	41	18	19	52	52	13	21	80	77	53	787	1039	816	88	35	91	20	17	34	98	39	15	22	36	38	27	101	606	1704	212	249	226	254	310	238	184	425	270	464	107	170	278	31	75	73	45	17	64	181	115	107	66	1	6	5	5	0	2812	825	995	379	811	1222	51	4989	277	182	1242	2384	538	250	574	319	6993	204	387	253	2691	1140	3623	401	238	452	1519	2370	292	1276	625	1819	205	228	298	1778	731	622	345	415	205	1633	2783	100	258	568	316	144	138	198	15	109	255	39	20	130	226	106	399	1410	247	255	2757	457	863	288	855	1045	383	172	663	10	87	86	190	213	88	154	246	105	258	155	22	141	16	39	19	25	4810	409	268	195	723	118	6	91	64	250	149	9	10014
14	4354	8943	4967	7423	1904	1189	909	4175	3132	5736	7290	5970	5135	5761	4702	5050	6253	7582	2431	1773	4985	3980	2526	1377	845	1647	1769	1099	357	610	622	474	91	1334	7462	229	1538	211	124	51	3	364	15	5	1434	15	2691	225	873	35	27	59	178	66	29	40	15	10	26	276	14	7	1196	259	35	251	30	21	1452	11	89	302	42	19	34	6	32	151	90	20	296	62	23	53	32	213	27	19	24	25	38	19	17	46	38	10	17	63	61	43	476	643	542	53	22	65	22	16	23	68	31	15	12	23	23	17	74	580	1338	206	233	211	240	291	192	185	359	266	421	74	159	306	23	60	71	33	15	50	191	113	97	52	1	4	6	4	0	2356	620	804	408	630	946	55	3112	185	160	745	1422	387	204	424	212	4033	149	269	209	1699	706	2384	290	189	342	851	1512	256	764	405	1075	145	203	227	1095	475	375	282	326	168	941	1627	86	162	517	279	141	144	185	10	127	249	25	23	134	237	114	396	1201	212	234	2172	382	773	316	775	1006	353	158	518	5	57	99	151	197	88	125	236	89	217	108	22	140	14	45	19	25	3483	395	241	177	644	107	9	76	54	169	105	8	10016
15	5773	9043	4354	6658	2701	1522	1101	4797	2563	4835	7003	5702	5152	5405	5050	5407	6894	8689	3869	1842	6536	4163	2906	1470	804	1725	1863	1274	352	624	599	461	117	1363	9711	293	1662	192	122	61	4	466	20	5	2403	18	2849	213	896	51	23	65	200	99	34	56	21	10	35	411	21	7	1618	261	40	279	33	14	1637	13	102	482	54	27	19	4	92	441	265	49	1141	162	98	195	87	702	61	65	86	57	57	18	20	38	45	10	24	60	80	56	543	688	550	52	25	78	16	16	28	78	31	8	15	29	18	14	82	721	1399	246	254	246	292	347	231	230	420	293	492	90	161	298	31	67	80	35	25	55	222	126	95	65	1	3	1	6	0	2399	593	760	385	589	861	48	3511	199	151	702	1231	350	190	413	222	3589	154	268	192	1603	636	2226	264	173	346	762	1303	234	808	361	1126	158	188	206	975	444	343	267	310	149	845	1467	91	142	516	301	134	145	167	11	107	216	26	24	134	225	102	372	1189	263	260	2312	460	801	302	729	1012	339	172	463	5	58	78	135	212	83	133	214	90	192	110	16	136	14	37	16	21	3892	375	252	169	654	107	4	70	56	151	96	10	10017
16	7610	14436	6421	9677	3117	1768	1342	6741	3737	6730	10834	8325	7393	8153	6253	6894	8352	12505	4689	2105	7141	6275	3957	2138	1278	2619	2150	1462	621	1116	1068	857	162	1773	14839	372	2145	345	209	74	9	531	21	5	2684	18	3403	323	979	69	26	101	359	107	50	56	20	19	54	421	13	10	1951	470	62	452	55	36	1836	15	116	534	42	27	10	5	43	176	90	17	378	67	24	67	43	313	23	27	33	23	71	31	18	60	45	15	24	85	87	64	723	864	647	74	27	124	28	28	31	98	37	14	17	33	32	23	98	838	1939	305	363	345	343	412	266	316	593	400	658	109	204	421	36	100	98	43	24	60	294	183	133	82	1	5	3	7	0	3275	943	1138	557	874	1306	55	4830	332	219	1066	2018	619	306	607	373	5484	242	446	281	2382	1089	3402	402	273	491	1337	1930	336	1181	593	1691	222	276	337	1437	704	655	405	515	258	1415	2373	132	228	705	367	192	187	275	20	167	306	34	26	182	328	151	498	1652	328	330	2888	606	1146	438	1040	1410	445	243	749	9	121	138	222	329	135	199	363	148	331	175	28	197	21	59	26	49	5060	565	400	283	965	151	11	118	81	222	139	6	10018
17	12235	17960	9054	13495	4515	2394	1691	9604	5038	8876	14853	11753	10275	11656	7582	8689	12505	14884	7605	3110	10780	9812	5911	3045	1759	3620	3025	1905	805	1493	1390	1064	247	2436	21166	454	2775	426	295	92	7	649	27	5	3947	27	4984	479	1365	77	32	98	1105	273	127	229	85	36	51	664	21	17	2537	421	76	430	42	30	2700	32	177	847	53	44	13	5	47	184	115	13	451	74	38	86	32	338	27	33	34	20	80	28	26	66	62	17	21	102	93	67	913	1168	956	99	37	146	27	28	40	127	49	18	24	48	46	40	137	977	2545	362	410	352	395	501	360	310	691	478	793	150	296	511	42	126	129	74	28	89	329	173	153	88	2	4	8	8	0	4200	1228	1485	595	1149	1733	61	6435	390	277	1395	2632	723	362	758	456	7920	295	509	391	3259	1373	4597	503	351	601	1738	2748	413	1629	719	2349	274	314	378	1933	909	756	477	588	286	1859	3212	142	289	854	482	247	222	319	21	180	372	50	36	224	398	147	625	2176	435	431	4374	710	1393	499	1308	1666	580	277	892	12	136	139	273	358	154	220	399	176	371	214	37	243	25	75	25	49	7396	664	437	319	1151	204	12	121	79	294	182	12	10019
18	5907	7183	2782	4232	2567	1094	790	4351	1467	3074	5024	3921	3514	3787	2431	3869	4689	7605	2581	1105	4516	3242	2295	1039	486	1104	1103	608	225	353	370	351	101	676	8877	137	1060	127	109	36	1	298	16	3	2482	6	1755	186	482	24	12	37	253	73	47	36	11	7	20	541	6	3	1573	162	30	173	14	13	936	7	70	497	24	21	2	2	17	71	47	5	176	19	17	29	11	224	20	14	14	8	46	11	7	18	21	4	11	19	41	29	400	498	354	39	15	110	15	14	19	50	22	10	15	30	18	25	73	271	1022	114	114	97	109	156	156	94	249	130	262	70	85	146	16	61	56	23	10	41	104	55	58	38	1	4	3	6	0	1291	368	445	155	327	530	26	2629	121	106	377	727	215	112	278	127	2272	82	162	141	934	344	1508	152	127	168	446	737	148	707	194	844	121	125	119	554	259	207	145	228	102	525	938	52	86	294	217	77	74	93	10	62	138	17	10	80	120	51	233	745	154	148	1399	248	444	151	404	522	178	97	286	4	52	44	82	124	53	76	106	57	116	77	9	83	15	24	10	16	2589	214	123	101	379	65	1	46	24	75	57	6	10020
19	2432	2986	1900	2696	768	504	352	1826	1195	1956	2813	2390	2117	2392	1773	1842	2105	3110	1105	1643	2473	1935	1258	702	371	687	1416	696	145	269	264	201	42	741	2695	105	600	94	52	27	3	224	9	2	610	6	2030	108	985	19	4	17	86	32	11	12	9	7	12	135	7	1	338	81	11	75	9	3	1145	11	65	128	20	16	2	13	17	57	35	5	109	26	11	23	8	80	11	11	13	10	19	8	3	6	14	3	8	18	21	23	240	304	242	26	9	25	9	7	12	34	19	4	5	10	14	11	36	269	531	84	111	106	98	116	94	84	148	130	192	35	68	137	15	32	33	13	6	22	95	66	49	28	0	2	4	2	0	880	270	301	140	259	380	23	1228	55	66	274	512	136	68	163	84	1547	56	92	75	688	221	866	109	63	133	304	560	90	311	146	395	61	77	91	462	184	109	112	137	58	388	672	34	74	188	86	50	64	61	5	55	75	14	3	42	93	45	150	453	79	101	768	162	281	116	286	354	132	62	193	4	29	24	58	83	34	45	75	47	77	46	8	51	10	17	8	9	1217	139	92	61	217	38	3	31	21	74	58	5	10021
20	7034	10088	4979	7447	2741	1595	1122	5644	2819	5370	8157	6673	5969	6430	4985	6536	7141	10780	4516	2473	5516	5007	3267	1621	952	1951	2261	1342	406	732	725	588	148	1485	10432	278	1704	231	163	55	4	543	19	4	2477	47	4039	258	1112	42	22	61	245	133	38	52	21	13	38	478	40	4	1693	269	42	267	31	19	1886	48	281	1562	132	81	12	4	32	167	121	13	339	61	55	100	31	300	17	23	36	20	49	24	19	41	41	10	16	57	68	53	582	729	605	56	20	80	19	15	28	93	41	15	18	29	24	27	94	692	1532	261	262	256	281	336	230	239	468	328	525	102	194	339	31	82	76	43	22	62	249	155	110	63	1	3	7	4	0	2621	766	990	419	753	1066	53	3642	230	174	696	1333	416	239	429	258	3938	165	286	226	1651	662	2460	283	188	340	881	1389	249	947	381	1213	155	224	226	1018	452	403	307	407	185	933	1627	117	174	572	305	158	169	212	15	114	238	34	17	153	263	112	424	1315	268	305	2458	492	927	375	830	1091	372	184	537	7	96	90	180	258	100	140	260	129	221	150	18	145	19	40	17	34	4316	432	272	196	743	125	10	77	45	155	112	8	10022
21	6609	8669	4647	6976	2055	1227	846	5077	2677	4695	7736	5988	5357	6183	3980	4163	6275	9812	3242	1935	5007	5338	4194	2317	1158	2390	1825	1222	504	1058	959	702	137	1408	8956	312	1449	293	209	51	3	396	13	4	1793	16	2829	475	900	46	23	52	282	72	30	37	16	18	28	310	10	10	1067	234	32	215	20	16	1619	16	100	351	24	27	8	3	23	100	58	10	213	46	19	48	16	196	16	20	24	15	49	16	13	45	38	6	13	59	54	45	514	680	523	69	19	69	15	11	15	64	25	8	15	23	20	19	67	582	1352	231	241	206	243	278	228	192	415	261	443	87	134	267	25	67	69	37	18	57	190	104	100	55	1	3	1	3	0	2054	636	738	296	581	908	33	3330	181	131	733	1322	337	161	350	221	3892	134	268	177	1785	708	2398	273	184	293	812	1344	192	872	391	1166	149	155	209	1048	465	391	227	297	125	912	1742	70	182	441	224	105	108	134	10	96	184	25	19	98	184	74	308	1065	202	191	2003	362	649	200	629	831	250	128	417	8	56	49	118	176	72	98	180	77	165	91	16	120	17	36	8	22	3286	295	185	136	550	94	5	70	32	168	104	10	10023
22	4845	5684	2853	4178	1752	864	629	3102	1718	2955	4743	3652	3317	3691	2526	2906	3957	5911	2295	1258	3267	4194	2833	2295	919	1869	1550	913	341	886	808	579	119	976	5955	223	980	229	177	29	2	263	12	0	1410	12	1764	303	680	25	12	31	154	45	16	23	13	10	13	215	8	15	974	160	20	159	13	10	1278	9	43	336	18	17	2	5	18	70	31	7	154	31	19	26	15	138	13	12	19	9	21	13	9	24	19	8	11	27	45	27	360	455	348	38	17	50	11	7	15	43	15	5	9	14	13	11	51	450	1015	201	207	175	175	226	166	173	359	205	335	77	132	216	20	50	56	28	15	47	144	94	77	47	0	2	3	2	0	1321	418	483	190	390	576	21	2254	119	105	429	793	214	103	249	132	2397	78	174	112	1122	409	1492	169	134	182	490	828	142	617	250	751	92	94	139	658	294	217	158	201	77	578	1055	47	98	300	162	82	77	100	9	64	124	28	10	75	123	52	211	807	132	153	1363	248	425	152	420	509	166	92	266	4	34	31	81	114	39	65	103	58	100	75	10	80	17	29	8	14	2269	202	127	89	348	65	4	43	28	101	69	4	10024
23	2355	2826	1516	2317	754	438	314	1726	926	1521	2513	1950	1735	1961	1377	1470	2138	3045	1039	702	1621	2317	2295	2157	909	1857	774	730	349	699	632	446	99	707	3078	213	537	210	128	21	1	159	4	1	633	5	916	159	352	15	9	16	70	21	11	11	3	12	8	99	5	12	379	82	13	86	12	6	715	4	25	125	14	8	3	3	10	35	24	4	83	12	4	15	9	60	9	7	8	4	12	9	7	17	8	3	5	23	16	21	175	223	172	25	10	29	9	6	14	27	14	4	5	9	11	8	28	390	621	152	162	161	172	202	120	169	264	166	278	68	93	140	25	45	44	24	11	38	140	86	75	36	0	4	3	3	0	771	226	289	126	238	321	14	1218	86	57	280	458	158	84	142	97	1241	62	126	70	614	263	904	122	72	107	307	431	84	338	166	451	58	74	87	318	178	160	112	140	71	336	595	32	59	178	92	59	51	58	1	37	71	13	5	45	69	36	129	423	101	111	706	166	268	97	252	325	91	55	173	7	31	27	49	75	28	47	82	42	71	51	9	57	11	17	13	14	1172	127	90	56	211	48	4	37	20	54	49	1	10025
24	1198	1732	1068	1455	415	292	166	1145	611	995	1578	1234	1145	1270	845	804	1278	1759	486	371	952	1158	919	909	1215	1656	427	695	551	585	381	238	63	701	1753	303	347	219	88	14	2	78	3	0	283	3	551	98	200	11	5	14	44	9	6	3	5	4	6	48	3	10	186	45	9	52	5	7	384	1	19	56	6	3	1	1	5	25	6	1	32	9	5	9	5	28	6	4	1	1	4	6	2	8	10	3	3	11	15	12	82	136	99	11	7	26	8	7	9	15	7	3	3	8	8	6	19	335	387	119	161	169	156	162	88	134	173	113	237	46	83	111	25	50	50	25	11	19	112	65	55	50	0	2	0	1	0	476	139	175	86	137	195	10	826	98	29	244	389	162	79	82	80	837	98	127	49	419	314	727	79	37	89	291	297	38	214	153	362	25	43	54	254	113	205	84	79	59	263	549	32	27	76	67	34	31	29	2	16	42	7	2	34	40	21	95	263	54	54	471	91	159	61	144	198	62	39	117	2	40	20	36	34	27	35	46	33	46	29	11	42	6	16	8	10	648	111	91	71	131	28	2	30	13	47	30	1	10026
25	2353	3589	2037	2923	872	585	369	2210	1146	1850	3112	2469	2285	2416	1647	1725	2619	3620	1104	687	1951	2390	1869	1857	1656	2910	756	976	857	1281	892	616	151	1222	3700	516	635	396	186	24	2	193	5	0	669	6	1042	170	339	13	10	26	78	24	11	14	9	10	15	102	4	27	434	93	18	112	11	8	718	8	28	142	11	9	2	1	10	46	26	5	86	14	8	23	8	78	7	7	8	7	21	10	2	22	11	5	5	24	29	24	211	226	232	19	11	35	10	9	13	30	11	3	7	11	13	6	26	598	823	269	293	293	279	332	142	265	356	254	471	93	150	228	28	80	84	42	15	43	230	152	97	67	0	2	2	4	0	955	291	368	146	261	389	18	1603	177	68	449	668	277	135	182	166	1697	155	216	103	838	528	1294	137	91	169	527	564	98	410	257	702	64	82	95	473	243	328	156	162	117	473	989	64	63	222	117	72	65	74	4	43	89	12	9	73	88	44	189	520	127	120	982	184	343	115	311	417	142	61	232	6	64	39	80	86	54	75	108	72	109	59	14	75	11	18	11	25	1403	206	133	120	306	56	3	56	28	93	66	4	10027
26	2640	2998	1744	2660	932	512	342	1691	1126	1878	2644	2227	1952	2120	1769	1863	2150	3025	1103	1416	2261	1825	1550	774	427	756	1556	806	161	299	287	211	61	753	2871	117	616	93	71	24	2	194	7	1	697	5	1538	113	1036	13	11	17	71	27	15	10	4	3	14	126	6	0	453	89	14	74	17	7	1593	7	35	200	17	13	5	6	13	55	25	5	94	19	6	21	8	64	9	10	13	9	19	8	2	16	12	3	4	20	28	22	204	286	219	22	10	26	9	5	12	29	16	4	4	11	11	13	31	311	610	112	157	118	118	124	95	116	188	155	218	41	91	142	13	31	42	22	9	31	113	74	69	41	0	2	1	1	0	841	289	349	133	274	376	13	1205	65	68	265	522	143	87	177	92	1445	59	110	91	645	252	816	96	74	122	326	526	89	370	139	389	68	78	85	422	162	150	115	140	65	351	609	31	55	185	106	53	59	70	2	45	80	16	8	51	99	41	117	439	79	90	811	158	288	114	267	328	106	67	166	4	24	23	62	91	24	48	79	42	75	57	8	35	6	14	8	9	1322	134	78	47	218	34	4	29	19	67	46	5	10028
27	1535	1953	1206	1732	523	328	226	1235	746	1189	1710	1327	1262	1314	1099	1274	1462	1905	608	696	1342	1222	913	730	695	976	806	1518	273	410	371	308	85	1126	1853	258	439	184	101	19	2	123	6	0	360	6	906	88	388	11	4	9	36	17	9	9	7	4	3	64	4	5	220	51	10	58	12	7	933	5	24	71	9	10	1	3	10	42	22	1	128	24	9	22	9	55	5	4	11	4	10	7	5	8	7	6	4	13	24	11	137	162	148	15	9	23	10	10	10	26	11	5	3	8	13	9	22	516	546	198	234	208	218	262	112	206	258	212	327	57	119	217	19	51	62	24	13	34	179	114	82	37	0	4	2	2	0	665	204	254	106	196	255	7	907	80	36	245	416	165	86	121	82	970	71	101	63	444	243	719	85	62	112	283	343	51	256	149	363	37	53	66	283	149	152	100	100	82	270	529	36	42	153	67	47	49	57	5	33	49	11	8	48	68	29	118	382	92	108	525	144	247	92	194	298	112	45	170	6	35	27	38	64	30	42	72	44	68	47	8	51	8	16	8	14	765	134	79	73	187	30	1	36	18	45	36	4	10029
28	463	753	456	627	177	130	79	561	263	388	677	525	522	544	357	352	621	805	225	145	406	504	341	349	551	857	161	273	676	511	270	174	48	331	802	305	135	261	53	6	0	39	5	0	116	1	216	38	73	9	3	4	18	5	6	3	3	3	3	17	2	4	77	23	10	31	2	1	128	0	5	23	3	2	0	0	3	15	4	0	18	4	0	2	2	19	1	1	1	0	4	3	1	7	1	2	0	6	5	5	42	50	32	2	3	13	4	4	7	7	5	1	1	4	4	3	8	239	216	100	105	129	97	112	41	99	126	69	151	24	49	60	13	35	33	20	7	19	74	42	33	25	0	2	0	2	0	185	66	74	31	45	65	5	364	41	18	131	179	100	49	47	41	338	53	62	27	165	158	332	35	22	48	147	89	16	73	63	184	20	19	23	94	43	115	35	31	38	109	253	17	16	51	36	19	16	21	1	14	23	4	1	14	21	17	46	100	36	30	197	53	88	22	70	93	35	20	62	3	22	14	20	27	16	24	30	26	26	20	6	24	5	7	5	8	266	63	49	39	78	19	3	19	8	23	16	1	10030
29	875	1384	803	1176	286	189	137	899	476	746	1258	952	874	986	610	624	1116	1493	353	269	732	1058	886	699	585	1281	299	410	511	1349	738	453	94	482	1491	181	274	333	174	8	0	81	1	0	235	2	406	85	137	12	3	6	41	8	6	6	3	7	5	44	4	4	143	60	11	35	8	4	268	5	14	46	6	3	0	1	3	19	3	1	46	9	2	7	3	34	3	2	5	0	9	2	1	10	5	2	2	11	12	7	88	93	74	8	6	17	7	6	13	17	7	3	5	13	10	5	17	335	425	191	142	156	162	199	79	149	189	134	244	54	97	124	19	41	48	24	9	25	114	75	53	25	0	2	1	2	0	433	126	176	59	108	168	8	642	66	33	153	279	134	64	82	72	639	68	99	43	324	192	491	70	39	64	217	240	40	172	119	260	31	37	48	166	84	131	67	58	58	190	360	29	33	84	62	31	34	39	6	26	44	11	3	26	46	21	67	217	66	47	366	112	155	58	126	183	67	36	112	5	35	21	38	48	23	37	65	36	52	31	9	33	8	9	6	13	486	92	67	53	130	28	4	21	12	35	27	3	10031
30	856	1378	697	1013	328	192	127	908	444	658	1156	862	777	879	622	599	1068	1390	370	264	725	959	808	632	381	892	287	371	270	738	1369	835	158	462	1374	167	265	233	204	12	2	80	2	0	226	1	418	99	129	11	2	9	39	10	4	8	1	7	3	47	3	8	150	62	13	42	6	4	260	4	7	43	7	4	0	0	1	22	9	1	47	5	3	8	3	30	4	3	7	1	3	2	1	9	6	2	2	10	17	8	92	84	76	12	6	22	6	4	10	28	6	3	4	7	7	5	18	347	560	246	134	146	192	245	115	138	229	158	273	73	93	165	26	50	59	27	15	39	139	80	45	32	0	2	3	2	0	414	139	151	77	115	142	9	573	60	30	145	253	124	64	82	62	581	59	76	34	295	144	466	58	49	68	180	205	40	176	100	228	36	37	45	136	82	98	67	64	46	161	299	21	27	86	47	49	42	34	2	29	45	6	6	28	45	21	91	246	75	87	364	98	159	66	137	202	61	36	106	4	30	29	32	45	24	39	58	36	53	38	5	43	7	12	6	14	504	105	64	54	134	22	4	26	12	37	29	2	10032
31	647	1076	539	788	243	171	125	765	355	484	862	645	591	654	474	461	857	1064	351	201	588	702	579	446	238	616	211	308	174	453	835	1120	217	322	1161	104	215	157	334	6	1	61	2	0	202	1	323	56	99	4	5	11	35	10	3	5	1	5	6	37	1	4	137	46	11	40	4	2	195	5	6	37	6	1	1	0	1	14	6	1	29	7	2	7	3	19	2	3	3	0	5	3	0	9	2	3	2	6	14	6	63	57	51	6	8	17	7	7	8	16	12	4	3	6	7	7	17	356	643	321	141	172	211	337	102	177	249	178	316	89	106	178	16	54	76	27	11	29	166	82	65	31	0	2	2	3	0	374	133	178	55	107	139	5	393	44	28	93	193	114	63	81	61	432	34	62	41	192	119	305	50	46	66	158	156	36	142	69	185	28	39	36	105	72	69	65	70	42	159	188	23	11	94	51	45	44	37	1	34	46	7	4	45	48	16	91	226	81	73	277	114	147	60	119	202	64	26	108	3	17	19	36	40	28	30	59	35	48	38	6	42	7	12	6	10	455	87	49	42	107	25	2	23	11	30	24	2	10033
32	152	255	133	186	47	42	29	282	87	125	196	142	155	169	91	117	162	247	101	42	148	137	119	99	63	151	61	85	48	94	158	217	226	64	274	31	50	33	136	2	0	17	0	0	51	1	69	15	25	2	1	4	5	2	2	0	0	2	2	10	0	2	27	10	3	8	1	0	51	1	0	11	1	0	0	0	2	5	1	0	6	0	0	0	0	3	0	1	1	0	2	0	0	3	2	1	0	3	2	2	19	21	14	2	4	14	6	7	7	10	7	4	3	7	5	5	14	102	176	87	61	48	61	109	62	28	62	65	101	106	47	61	12	50	65	17	16	22	48	23	14	27	0	2	0	2	0	100	42	56	21	38	42	1	90	15	9	21	49	40	23	15	24	108	12	14	11	48	22	80	17	12	33	37	32	12	37	24	46	7	14	6	19	14	15	19	21	14	42	36	9	1	26	13	20	13	12	2	10	19	6	4	10	12	10	20	72	27	24	70	43	62	26	37	82	34	9	30	4	9	6	12	17	14	13	36	20	15	25	4	9	8	6	2	6	125	30	15	10	39	10	0	8	2	7	8	1	10034
33	1609	2428	1706	2194	596	372	236	1468	1025	1430	2220	1842	1620	1838	1334	1363	1773	2436	676	741	1485	1408	976	707	701	1222	753	1126	331	482	462	322	64	1572	2226	333	504	201	88	25	1	139	7	1	448	3	893	94	364	11	5	13	54	18	8	9	6	3	5	71	3	3	262	74	15	65	9	4	729	4	29	80	13	6	2	3	13	36	27	2	112	28	7	17	8	52	4	5	13	5	11	8	2	17	12	4	4	25	24	13	143	198	175	18	8	30	10	5	13	30	14	4	4	7	9	11	21	646	726	231	287	256	280	332	134	222	301	233	360	44	123	227	20	49	59	24	13	33	216	133	100	35	0	2	1	5	0	806	316	350	119	273	333	13	1098	89	47	286	604	175	101	146	98	1448	80	126	70	606	292	850	96	62	142	372	560	66	347	157	452	59	59	73	386	173	179	102	108	76	395	633	41	64	162	88	47	67	61	3	48	79	11	8	50	78	40	154	472	130	121	776	145	270	96	222	327	121	60	201	5	39	35	67	62	50	56	90	51	88	58	7	45	8	16	8	15	991	137	102	88	234	52	3	40	24	76	66	6	10035
34	13123	20140	8254	12947	5695	2522	1926	10715	4672	8455	14371	11117	9932	11039	7462	9711	14839	21166	8877	2695	10432	8956	5955	3078	1753	3700	2871	1853	802	1491	1374	1161	274	2226	15768	483	2885	435	325	95	3	681	31	5	4928	25	4461	453	1216	87	33	188	648	128	73	83	38	21	99	660	20	14	3440	503	94	529	49	28	2414	20	118	938	48	44	12	4	48	194	118	21	474	78	35	89	43	398	37	36	37	27	169	25	25	71	50	12	32	91	123	67	961	1136	942	97	37	173	28	31	44	135	50	15	31	46	45	38	151	1086	2820	443	456	435	460	601	352	388	812	484	953	168	302	541	48	150	152	73	34	83	404	200	151	106	1	7	2	6	1	4156	1207	1458	634	1163	1632	74	6670	449	301	1266	2417	796	400	838	499	6918	323	512	398	2997	1319	4595	497	396	648	1615	2370	440	1766	760	2414	289	369	431	1722	849	772	567	659	316	1731	2894	176	248	914	516	256	242	321	22	179	389	47	38	255	419	164	700	2250	475	429	4567	830	1526	545	1361	1812	575	273	904	11	140	171	304	400	174	277	448	210	415	241	30	256	24	83	36	43	7957	778	519	355	1259	231	11	155	97	273	177	11	10036
35	269	478	275	388	119	78	51	311	153	246	400	302	291	315	229	293	372	454	137	105	278	312	223	213	303	516	117	258	305	181	167	104	31	333	483	369	82	140	37	2	0	31	1	0	70	2	165	24	60	4	1	1	12	4	2	1	2	1	1	13	3	0	41	17	3	25	1	3	118	0	3	19	5	3	2	1	5	17	13	0	45	8	2	6	2	14	0	2	7	0	4	2	2	5	0	1	0	4	9	3	28	27	25	2	4	13	5	5	8	10	5	0	3	4	4	2	9	270	182	87	101	85	106	123	39	81	97	75	121	24	37	64	20	26	29	14	7	10	65	50	31	16	0	2	0	2	0	132	46	48	34	46	52	2	202	32	14	71	105	70	41	28	28	196	46	40	20	110	91	180	23	18	37	84	67	15	56	39	98	7	17	21	55	34	60	35	25	31	72	135	18	13	34	32	13	15	15	1	13	17	6	0	15	22	12	44	93	32	29	133	36	63	29	50	85	34	17	55	3	21	17	18	23	14	21	28	24	24	13	3	18	3	4	6	6	164	54	42	33	62	23	2	17	8	17	16	0	10037
36	1943	3043	2077	2693	1422	1217	858	2464	1188	1816	2749	2383	2425	2186	1538	1662	2145	2775	1060	600	1704	1449	980	537	347	635	616	439	135	274	265	215	50	504	2885	82	1724	97	56	50	7	168	56	3	1120	8	887	83	288	50	32	18	69	21	8	13	5	5	8	117	10	3	445	100	14	88	11	7	514	1	27	125	11	11	5	0	13	52	34	9	91	17	8	20	11	97	6	8	11	6	20	13	16	55	39	20	26	46	62	40	384	488	353	52	31	46	18	8	20	62	31	6	8	17	15	12	52	252	535	87	102	87	94	110	80	75	156	107	169	37	73	102	14	35	30	15	7	31	72	59	57	25	0	4	0	2	0	807	224	254	114	227	314	11	1873	121	114	392	653	220	120	241	142	1594	93	157	109	833	383	1097	149	111	229	442	614	111	425	237	565	89	105	130	540	262	224	179	183	104	398	795	65	79	210	125	63	55	89	5	38	93	20	12	50	93	38	124	468	95	94	708	180	332	123	295	358	119	72	227	5	28	35	77	106	55	86	97	47	98	57	5	56	8	18	4	15	1260	151	120	74	246	46	2	45	33	90	62	7	10038
37	230	424	233	349	96	69	50	259	143	220	344	262	305	266	211	192	345	426	127	94	231	293	229	210	219	396	93	184	261	333	233	157	33	201	435	140	97	347	52	5	0	26	0	0	72	1	139	23	58	4	1	3	10	4	3	2	2	2	0	11	0	3	42	22	6	20	1	1	84	0	6	20	4	2	1	0	1	9	4	1	16	1	0	3	1	14	1	2	3	0	3	2	1	4	1	2	0	3	6	0	32	32	27	4	4	10	4	2	7	7	5	2	3	5	5	4	9	202	196	98	74	91	79	101	31	82	98	53	114	21	26	52	14	21	19	12	8	11	55	43	24	12	0	2	0	1	0	141	43	64	28	42	52	5	191	28	15	53	103	56	30	30	26	170	35	38	15	90	55	155	27	20	30	74	67	15	51	45	98	11	17	21	50	27	50	32	26	31	68	102	10	12	30	26	18	16	12	1	12	14	4	1	9	20	15	38	84	26	35	126	39	65	23	46	65	36	18	43	3	19	18	17	16	12	17	26	24	22	15	3	17	6	10	4	7	137	51	31	31	58	17	2	15	4	15	14	1	10039
38	190	279	179	214	68	43	36	257	105	144	256	187	191	218	124	122	209	295	109	52	163	209	177	128	88	186	71	101	53	174	204	334	136	88	325	37	56	52	224	2	0	14	0	0	52	0	74	14	32	2	2	3	13	2	1	0	2	1	1	17	0	2	22	6	5	6	1	1	56	1	1	11	1	0	0	0	1	7	2	0	7	0	0	1	0	6	1	3	1	0	1	4	0	2	2	0	0	4	5	3	17	31	16	7	5	10	5	4	4	5	6	2	4	5	4	4	7	94	177	115	39	44	69	94	35	44	74	53	82	50	35	53	6	28	28	13	9	14	43	23	18	16	0	2	0	1	0	123	33	52	18	25	43	1	119	12	7	27	55	26	18	20	24	126	7	12	6	55	28	87	17	14	19	42	44	7	39	20	44	9	12	12	29	18	13	19	20	12	44	54	6	3	24	15	14	12	7	0	6	10	4	2	9	12	7	21	53	21	25	76	35	43	21	38	67	19	15	36	3	11	7	12	16	12	17	22	11	16	15	3	11	6	5	2	3	120	22	11	15	30	10	0	9	2	11	9	1	10040
39	65	108	82	93	260	67	31	82	50	80	102	85	82	81	51	61	74	92	36	27	55	51	29	21	14	24	24	19	6	8	12	6	2	25	95	2	50	5	2	25	1	7	1	0	40	0	27	5	11	0	5	0	2	0	1	1	0	0	0	5	0	0	24	4	2	6	2	0	15	0	2	6	0	0	0	0	0	2	4	1	3	0	0	3	0	5	0	0	0	1	2	1	2	1	2	0	1	0	3	2	25	16	24	1	1	1	0	0	1	3	0	0	0	0	1	0	3	6	14	6	3	5	4	4	3	2	10	5	13	1	3	7	0	0	0	0	0	0	1	2	3	1	0	0	0	0	0	42	11	9	7	10	9	0	66	5	6	19	31	8	5	10	6	62	3	10	7	39	19	48	9	6	10	13	30	8	22	10	34	3	9	9	26	11	8	5	12	6	14	39	5	3	7	5	1	2	3	0	1	2	0	0	1	4	4	11	20	5	5	23	5	10	5	12	12	6	4	11	0	1	0	2	6	5	4	4	1	3	4	0	0	0	0	0	0	41	6	9	2	13	2	0	1	2	5	3	0	10041
40	3	12	3	5	6	25	4	1	3	4	9	8	7	3	3	4	9	7	1	3	4	3	2	1	2	2	2	2	0	0	2	1	0	1	3	0	7	0	0	1	9	0	0	0	2	0	1	0	0	0	0	0	1	0	0	0	0	0	0	1	0	0	2	2	0	1	0	0	3	0	0	1	0	0	0	0	0	0	0	0	1	0	0	0	0	0	0	0	0	0	0	2	0	1	4	0	0	0	0	0	3	4	1	0	0	0	0	0	0	0	0	0	0	0	0	0	0	0	0	0	0	0	0	0	0	0	0	1	0	0	0	0	0	0	0	0	0	0	0	0	0	0	0	0	0	0	0	5	0	1	2	1	1	0	3	0	0	0	1	0	1	0	0	1	0	0	0	0	2	1	0	0	0	1	3	0	0	0	0	0	0	1	1	0	0	0	0	0	1	1	0	0	1	0	0	0	0	0	0	0	0	0	0	0	0	1	1	1	1	2	1	1	2	1	3	1	0	2	0	0	0	0	0	0	0	2	0	0	0	0	0	0	0	0	0	2	0	1	1	1	0	0	0	0	0	0	0	10043
41	551	691	400	578	238	124	83	493	250	413	617	482	405	467	364	466	531	649	298	224	543	396	263	159	78	193	194	123	39	81	80	61	17	139	681	31	168	26	14	7	0	260	1	0	198	1	348	42	103	3	6	7	23	10	6	4	0	3	2	35	3	0	154	26	5	24	4	3	188	0	13	38	4	2	0	0	4	17	3	0	29	5	1	4	2	47	1	3	6	0	6	1	1	5	1	2	0	6	8	9	64	64	61	7	4	8	3	2	5	9	8	2	1	5	7	4	10	59	128	24	25	29	27	40	22	23	51	29	46	13	25	38	10	13	12	11	6	18	15	15	16	10	0	2	0	1	0	391	144	129	72	137	201	17	396	23	15	94	133	36	24	45	22	365	16	29	25	183	64	224	30	30	52	99	171	27	152	45	125	20	22	27	106	41	41	36	51	19	132	173	11	18	84	46	19	24	30	4	30	28	4	5	16	33	9	52	169	34	46	165	79	125	48	110	147	53	36	73	2	8	7	21	31	13	16	34	21	37	29	3	24	4	6	2	6	272	57	32	16	80	9	1	14	8	26	22	2	10044
42	20	29	23	24	21	30	15	32	13	12	20	23	20	21	15	20	21	27	16	9	19	13	12	4	3	5	7	6	5	1	2	2	0	7	31	1	56	0	0	1	0	1	4	0	22	0	6	1	5	1	3	0	1	2	1	2	0	0	0	0	0	0	5	0	0	0	0	0	4	0	0	3	0	0	0	0	0	1	0	1	1	0	0	0	0	2	0	0	0	0	0	0	1	2	2	0	2	2	1	1	4	5	8	4	0	2	0	0	0	1	0	0	0	0	0	0	0	2	5	1	2	1	2	2	1	1	2	3	3	0	2	2	0	1	0	1	0	0	2	3	1	0	0	0	0	0	0	6	1	1	0	1	1	0	19	0	0	6	4	3	3	1	0	12	1	2	0	6	8	11	1	0	3	6	4	1	5	4	5	0	0	1	8	1	5	1	1	0	2	11	0	0	1	0	0	1	0	0	1	0	0	0	0	0	0	0	10	0	1	9	0	0	0	2	4	1	0	3	0	0	1	0	3	2	1	1	0	1	0	0	0	0	0	0	0	11	0	1	2	1	0	0	0	1	0	1	0	10045
43	1	5	5	7	1	0	1	1	2	10	8	4	5	5	5	5	5	5	3	2	4	4	0	1	0	0	1	0	0	0	0	0	0	1	5	0	3	0	0	0	0	0	0	2	1	0	5	0	0	0	0	0	0	0	0	0	0	0	0	1	0	0	0	2	0	0	1	0	1	0	0	0	0	0	0	0	0	0	1	0	1	0	0	0	0	0	0	0	1	0	0	0	0	0	0	0	0	0	0	0	1	1	1	0	0	0	0	0	0	0	0	0	0	0	0	0	0	1	2	0	0	0	0	0	0	0	0	0	0	0	0	0	0	0	0	0	0	0	0	0	0	0	0	0	0	0	0	3	0	0	0	0	1	0	2	0	0	1	2	1	0	1	0	2	0	1	0	1	2	1	0	0	0	1	1	0	0	0	1	0	0	0	1	1	1	0	0	0	0	3	0	0	1	0	0	1	1	0	1	1	1	1	0	1	0	0	0	0	0	2	0	1	1	1	0	0	0	0	0	0	0	1	0	0	0	0	0	2	0	0	0	0	0	0	0	3	0	0	0	0	0	0	0	0	0	0	0	10047
44	3653	4394	1855	2637	2308	1107	999	3046	1014	2024	3185	2631	2657	2476	1434	2403	2684	3947	2482	610	2477	1793	1410	633	283	669	697	360	116	235	226	202	51	448	4928	70	1120	72	52	40	2	198	22	1	1151	3	963	105	277	229	13	20	93	40	12	13	4	3	10	201	5	0	1252	105	26	87	13	5	611	3	45	352	8	10	1	0	3	53	18	4	67	16	8	19	6	183	7	4	5	7	21	10	8	23	26	5	12	34	56	24	463	654	436	60	18	55	7	6	10	38	14	2	4	10	8	8	34	169	661	79	73	61	54	96	76	60	168	83	161	30	62	76	12	38	31	16	5	27	65	46	41	18	0	3	1	0	0	760	209	236	94	194	264	12	1891	80	79	240	505	128	84	183	75	1527	57	111	81	636	249	895	95	87	129	314	491	80	499	139	560	66	76	91	402	193	134	94	137	55	370	643	26	67	164	105	39	41	44	2	29	62	10	4	33	57	20	128	464	72	80	906	160	237	90	209	298	103	53	138	4	14	26	55	59	33	40	63	34	74	43	8	28	8	9	4	8	1757	110	50	51	213	37	1	25	17	65	37	2	10048
45	14	25	12	14	4	6	3	12	6	16	16	11	15	10	15	18	18	27	6	6	47	16	12	5	3	6	5	6	1	2	1	1	1	3	25	2	8	1	0	0	0	1	0	0	3	7	9	0	4	0	0	0	0	1	0	0	0	1	0	3	0	0	3	5	0	2	0	0	5	0	5	3	2	1	0	0	0	3	0	0	2	0	1	4	1	3	0	0	0	0	1	0	0	0	0	0	1	0	1	0	2	1	1	0	0	0	0	0	0	1	0	0	0	0	0	0	0	4	4	2	1	4	2	1	1	4	4	3	5	1	1	2	0	0	0	0	0	0	2	1	2	0	0	0	0	0	0	12	3	4	4	1	3	1	7	2	1	3	3	3	3	1	2	11	2	2	1	4	5	8	1	2	2	3	4	2	4	1	6	1	1	2	3	2	2	2	2	2	1	4	2	1	2	2	1	1	2	0	1	1	0	0	0	2	1	1	2	1	2	9	2	5	4	4	6	1	3	1	0	2	2	2	5	1	2	7	2	2	2	0	4	0	1	1	1	6	5	5	2	6	0	1	1	1	1	2	0	10055
